8 8
4 29 6 41 1 73 2 41 3 94 2 44 7 100 8 73
8 12
11 40 1 100 9 14 4 89 12 96 7 23 6 17 9 60
8 16
14 24 2 87 11 12 14 72 13 98 1 73 5 77 4 6
8 20
5 89 20 72 7 43 3 67 15 49 14 86 9 57 5 1
8 24
21 50 14 17 11 37 23 76 11 95 3 30 11 11 10 92
8 28
21 100 7 40 26 65 24 31 16 30 10 24 16 35 18 5
8 32
20 72 18 46 18 80 9 78 5 30 7 52 23 7 7 70
12 8
5 19 1 2 5 69 6 17 6 2 7 26 8 74 2 37 8 97 2 63 4 37 2 50
12 12
12 31 9 26 11 88 8 96 4 100 10 92 9 49 3 54 9 41 2 10 8 36 9 96
12 16
14 11 10 56 4 2 1 6 7 58 2 3 11 28 16 69 6 16 8 61 15 86 13 15
12 20
6 21 14 95 18 41 7 86 17 91 19 32 15 94 13 14 7 17 10 74 4 3 10 63
12 24
23 44 6 85 3 100 11 82 18 86 5 67 12 26 20 94 1 25 15 67 9 80 17 56
12 28
16 24 5 73 16 33 14 6 1 53 25 98 20 64 8 5 10 23 24 38 10 3 21 70
12 32
20 3 32 67 20 77 25 69 12 97 22 38 23 64 14 45 27 61 21 3 1 65 2 37
16 8
6 12 6 39 4 38 8 11 7 60 6 100 7 73 7 77 3 96 1 50 5 70 3 68 5 67 2 22 3 62 4 7
16 12
5 28 4 24 12 62 7 93 4 42 5 10 3 14 7 13 4 25 4 92 9 51 10 71 7 40 3 44 6 15 5 42
16 16
12 67 4 84 12 1 2 5 5 38 11 45 7 7 8 57 10 18 13 99 16 81 3 94 16 96 12 90 14 67 14 45
16 20
1 99 7 62 4 87 8 78 6 43 18 59 1 46 17 60 19 6 12 81 14 71 10 91 13 88 2 29 14 78 17 80
16 24
11 56 18 28 19 76 23 27 18 10 15 2 15 15 14 25 3 53 11 55 21 11 3 72 6 24 7 80 16 32 17 70
16 28
12 54 19 78 3 51 14 49 19 44 2 37 3 57 20 18 5 45 17 60 19 32 20 93 9 37 5 90 5 54 27 24
16 32
11 11 1 27 1 100 4 18 22 1 13 23 19 100 13 10 4 83 20 12 1 34 4 34 5 5 17 33 3 99 1 44
20 8
2 78 7 71 7 88 1 43 6 1 7 34 1 6 2 67 7 13 5 11 5 66 3 10 7 22 7 6 7 50 5 66 6 87 1 75 4 63 1 41
20 12
10 61 2 5 5 8 5 1 6 43 4 94 10 85 9 49 1 3 12 71 4 28 6 14 11 56 9 50 2 48 9 21 2 55 12 69 3 95 10 63
20 16
12 18 5 86 12 13 11 58 6 73 12 16 10 1 6 12 13 76 12 52 5 19 14 29 8 73 7 66 1 95 2 48 8 40 12 61 8 31 14 47
20 20
18 29 13 83 10 60 5 14 11 70 1 56 4 47 19 85 9 11 10 98 19 48 7 79 14 100 3 20 6 29 6 51 15 41 1 70 15 86 19 36
20 24
1 27 11 95 14 3 10 61 22 57 5 20 16 72 7 75 9 35 3 95 16 72 13 29 12 97 14 37 23 39 14 18 11 10 9 85 3 82 13 86
20 28
28 99 21 11 26 19 10 52 20 10 6 38 20 100 27 74 10 26 19 99 12 38 10 74 26 75 15 30 17 53 9 41 14 20 15 45 11 38 4 90
20 32
13 9 22 68 16 34 2 46 15 50 5 6 24 24 32 28 29 76 14 94 4 77 9 38 9 83 21 21 1 33 11 71 3 17 23 11 6 91 6 55
24 8
2 29 5 32 3 78 4 26 2 44 5 48 6 97 8 39 8 21 3 74 1 49 7 93 4 78 2 76 7 88 6 91 5 33 1 56 7 62 8 30 2 55 4 92 8 54 5 23
24 12
7 21 3 8 6 96 3 99 8 74 11 40 2 93 3 58 11 87 6 49 8 71 10 3 9 59 2 12 3 72 11 80 8 5 2 36 4 6 11 32 3 67 1 15 3 1 12 48
24 16
14 64 14 69 11 14 6 88 2 71 16 95 2 50 12 91 2 23 11 49 7 26 14 55 3 59 13 49 11 41 4 7 16 96 11 100 16 24 4 20 9 53 1 36 3 50 7 100
24 20
9 49 17 9 10 23 7 53 7 28 7 61 4 30 15 51 5 61 11 84 10 22 11 79 16 70 6 5 11 80 2 33 10 52 17 75 5 100 14 100 17 85 12 52 20 94 8 95
24 24
7 45 15 2 10 30 20 55 13 31 13 82 5 40 7 34 22 95 5 20 18 4 14 89 18 71 3 68 4 95 24 78 18 64 10 82 21 9 3 68 15 19 18 97 3 74 1 38
24 28
5 35 26 32 28 36 9 76 25 82 24 51 11 4 28 72 4 81 9 11 18 20 15 22 3 53 14 90 14 51 19 94 27 71 5 25 5 72 18 91 18 60 9 44 12 84 13 28
24 32
15 53 11 28 32 70 12 75 27 18 11 70 17 61 14 79 22 26 1 18 32 22 28 19 12 65 2 68 5 1 15 65 27 78 19 12 19 14 22 13 17 83 14 72 4 89 17 37
28 8
8 83 6 32 3 9 6 56 2 88 6 61 5 57 5 92 1 4 4 24 4 60 4 33 7 92 8 54 7 27 8 41 8 22 7 89 4 70 2 53 4 83 3 16 7 60 7 28 4 73 8 35 4 66 4 71
28 12
6 28 8 6 3 23 2 88 11 53 8 17 5 96 9 54 8 58 3 89 1 58 12 5 1 11 4 63 11 63 9 17 9 73 10 60 12 81 10 37 9 96 9 7 8 97 7 98 4 6 7 4 8 2 4 99
28 16
9 89 8 57 15 9 10 82 6 44 9 71 6 20 4 64 9 84 14 73 1 29 15 31 1 88 12 15 3 94 9 52 15 72 10 69 8 91 6 23 6 82 13 97 10 49 8 42 7 48 13 1 10 43 15 2
28 20
6 36 13 91 8 23 15 83 19 75 15 47 13 97 11 67 1 62 4 49 10 57 16 9 17 71 15 76 1 7 10 18 5 67 3 12 9 69 13 77 11 83 1 28 4 40 20 24 6 68 5 69 17 43 17 57
28 24
3 39 10 12 1 63 23 51 7 13 10 29 18 94 12 59 17 45 1 90 20 32 16 60 14 41 20 85 20 16 5 52 20 55 13 96 19 78 21 60 14 27 9 44 23 54 17 62 1 17 10 36 22 56 5 88
28 28
15 28 18 17 12 29 26 2 12 73 13 72 19 44 25 17 3 55 13 79 10 14 28 93 23 39 2 97 7 49 18 5 21 2 12 27 17 10 9 76 27 9 17 2 17 41 10 14 28 97 19 65 28 41 23 95
28 32
17 65 14 87 26 31 22 76 4 36 28 45 10 55 28 73 32 58 24 84 23 76 20 20 28 23 16 83 32 86 25 82 16 93 8 60 2 95 4 44 4 54 2 6 24 79 7 6 11 95 25 37 5 46 14 22
32 8
4 71 4 46 8 33 7 20 6 38 5 63 2 100 8 22 2 41 6 49 8 24 6 60 4 43 4 97 6 50 2 68 6 79 5 70 6 16 7 66 6 33 8 60 3 55 1 67 3 61 4 23 7 74 5 82 2 1 4 73 1 75 7 90
32 12
3 34 4 59 1 59 1 66 10 78 12 93 6 20 9 69 2 17 3 17 12 29 9 27 1 41 11 82 11 27 3 12 2 87 2 7 3 74 2 61 3 57 2 26 11 21 1 74 9 94 10 31 10 100 7 75 3 61 11 28 10 30 1 20
32 16
14 7 14 34 10 28 8 3 11 65 15 43 6 11 10 59 5 11 15 14 3 69 16 96 15 72 2 78 11 19 1 41 16 99 5 68 7 32 5 95 3 50 13 29 3 27 2 3 13 99 5 52 14 40 16 37 15 14 14 53 8 49 5 50
32 20
9 26 14 59 5 84 14 5 14 82 2 83 3 59 9 52 7 99 6 25 6 16 17 94 1 8 5 21 7 65 20 77 18 14 20 46 15 66 11 25 7 97 18 9 7 56 10 67 17 62 19 57 8 18 9 40 18 95 15 70 6 83 12 35
32 24
13 2 10 80 4 100 19 94 17 49 16 69 17 64 24 100 20 76 9 96 14 35 16 59 21 63 19 29 14 34 4 1 23 40 5 1 22 79 23 88 13 74 6 67 22 41 13 18 3 67 5 91 12 53 19 60 4 34 8 23 22 36 5 63
32 28
17 7 4 69 10 26 12 94 25 99 24 24 6 90 28 26 27 44 3 95 19 70 21 91 20 96 16 2 28 18 23 10 3 72 11 85 2 36 12 76 12 20 17 90 18 22 26 89 11 77 21 98 4 49 22 10 26 48 22 1 2 84 7 75
32 32
25 51 15 91 32 32 25 24 13 18 25 29 9 44 14 89 26 83 29 48 12 32 20 17 4 62 9 81 18 81 32 34 12 100 31 86 28 42 25 17 16 48 16 39 16 67 12 41 32 5 20 78 7 77 7 65 9 25 17 88 6 9 2 53
